  site bio1_12 bio2_12 bio3_12 bio4_12 bio5_12 bio6_12 bio7_12 bio8_12 bio9_12 bio10_12 bio11_12 bio12_12 bio13_12
1    1      75     111      25   11453     289    -155     444     214     -82      214      -82      756      110
2    2      63     120      26   11729     282    -179     461     204    -100      204     -100      755      106
3    3      66     122      26   11330     284    -168     452     203     -90      203      -90      816      109
4    4      64     123      26   11737     288    -177     465     206     -98      206      -98      740      112
5    5      67     122      27   11181     283    -165     448     203     -88      203      -88      838      110
6    6      72     116      26   11109     280    -155     435     207     -81      207      -81      868      113
  bio14_12 bio15_12 bio16_12 bio17_12 bio18_12 bio19_12
1       21       48      311       70      311       70
2       19       50      312       66      312       66
3       20       47      320       75      320       75
4       20       51      308       66      308       66
5       22       47      321       78      321       78
6       22       46      337       82      337       82